service_id,monday,tuesday,wednesday,thursday,friday,saturday,sunday,start_date,end_date
1901,0,0,0,0,0,0,0,20191004,20191231
1903,0,0,0,0,0,0,0,20191004,20191231
1904,0,0,0,0,0,0,0,20191004,20191231
1906,0,0,0,0,0,0,0,20191004,20191231
1911,0,0,0,0,0,0,0,20191004,20191231
1912,0,0,0,0,0,0,0,20191004,20191231
1913,0,0,0,0,0,0,0,20191004,20191231
62601,1,1,1,1,1,0,0,20191004,20191005
62602,1,1,1,1,0,0,0,20191004,20191005
62603,0,1,1,1,1,0,0,20191004,20191005
62604,0,1,1,1,1,0,0,20191004,20191005
62605,0,0,0,0,1,0,0,20191004,20191005
62606,0,0,0,0,0,1,0,20191004,20191005
62607,0,0,0,0,0,1,0,20191004,20191005
62608,0,0,0,0,0,0,1,20191004,20191005
62609,0,0,0,0,0,0,1,20191004,20191005
62610,0,0,1,1,1,1,0,20191004,20191005
62611,0,1,1,1,1,1,0,20191004,20191005
62612,0,1,1,1,1,1,0,20191004,20191005
62613,1,0,0,0,0,0,0,20191004,20191005
62614,1,0,0,0,0,0,0,20191004,20191005
62615,1,0,0,0,0,0,0,20191004,20191005
62616,0,1,0,0,0,0,0,20191004,20191005
62617,0,1,0,0,0,0,0,20191004,20191005
62618,1,0,1,1,1,0,0,20191004,20191005
62619,1,0,1,1,1,0,0,20191004,20191005
62620,0,0,1,0,0,0,0,20191004,20191005
62621,0,0,1,0,0,0,0,20191004,20191005
62622,1,1,0,1,1,0,0,20191004,20191005
62623,1,1,0,1,1,0,0,20191004,20191005
62624,0,0,0,1,0,0,0,20191004,20191005
62625,0,0,0,1,0,0,0,20191004,20191005
62626,1,1,1,0,1,0,0,20191004,20191005
62627,1,1,1,0,1,0,0,20191004,20191005
62628,0,1,1,0,0,0,0,20191004,20191005
62629,0,1,1,0,0,0,0,20191004,20191005
62630,1,0,0,1,1,0,0,20191004,20191005
62631,1,0,0,1,1,0,0,20191004,20191005
62632,1,1,0,0,1,0,0,20191004,20191005
62633,1,1,0,0,1,0,0,20191004,20191005
62634,1,1,1,1,1,0,1,20191004,20191005
62635,1,1,1,1,1,0,1,20191004,20191005
62636,1,1,1,1,1,1,0,20191004,20191005
62637,1,1,1,1,1,1,0,20191004,20191005
62638,1,1,1,1,1,1,0,20191004,20191005
62639,1,1,1,1,1,0,0,20191004,20191005
62640,1,1,1,1,0,0,1,20191004,20191005
62641,0,1,1,0,1,0,0,20191004,20191005
62642,0,1,1,0,1,0,0,20191004,20191005
62701,1,1,1,1,1,0,0,20191006,20191231
62702,1,1,1,1,0,0,0,20191006,20191231
62703,0,1,1,1,1,0,0,20191006,20191231
62704,0,1,1,1,1,0,0,20191006,20191231
62705,0,0,0,0,1,0,0,20191006,20191231
62706,0,0,0,0,0,1,0,20191006,20191231
62707,0,0,0,0,0,1,0,20191006,20191231
62708,0,0,0,0,0,0,1,20191006,20191231
62709,0,0,0,0,0,0,1,20191006,20191231
62710,0,0,1,1,1,1,0,20191006,20191231
62711,0,1,1,1,1,1,0,20191006,20191231
62712,0,1,1,1,1,1,0,20191006,20191231
62713,1,0,0,0,0,0,0,20191006,20191231
62714,1,0,0,0,0,0,0,20191006,20191231
62715,1,0,0,0,0,0,0,20191006,20191231
62716,0,1,0,0,0,0,0,20191006,20191231
62717,0,1,0,0,0,0,0,20191006,20191231
62718,1,0,1,1,1,0,0,20191006,20191231
62719,1,0,1,1,1,0,0,20191006,20191231
62720,0,0,1,0,0,0,0,20191006,20191231
62721,0,0,1,0,0,0,0,20191006,20191231
62722,1,1,0,1,1,0,0,20191006,20191231
62723,1,1,0,1,1,0,0,20191006,20191231
62724,0,0,0,1,0,0,0,20191006,20191231
62725,0,0,0,1,0,0,0,20191006,20191231
62726,1,1,1,0,1,0,0,20191006,20191231
62727,1,1,1,0,1,0,0,20191006,20191231
62728,0,1,1,0,0,0,0,20191006,20191231
62729,0,1,1,0,0,0,0,20191006,20191231
62730,1,0,0,1,1,0,0,20191006,20191231
62731,1,0,0,1,1,0,0,20191006,20191231
62732,1,1,0,0,1,0,0,20191006,20191231
62733,1,1,0,0,1,0,0,20191006,20191231
62734,1,1,1,1,1,0,1,20191006,20191231
62735,1,1,1,1,1,0,1,20191006,20191231
62736,1,1,1,1,1,1,0,20191006,20191231
62737,1,1,1,1,1,1,0,20191006,20191231
62738,1,1,1,1,1,1,0,20191006,20191231
62739,1,1,1,1,1,0,0,20191006,20191231
62740,1,1,1,1,0,0,1,20191006,20191231
62741,0,1,1,0,1,0,0,20191006,20191231
62742,0,1,1,0,1,0,0,20191006,20191231
105901,1,1,1,1,1,0,0,20191004,20191231
105902,1,1,1,1,0,0,0,20191004,20191231
105903,0,1,1,1,1,0,0,20191004,20191231
105904,0,1,1,1,1,0,0,20191004,20191231
105905,0,0,0,0,1,0,0,20191004,20191231
105906,0,0,0,0,0,1,0,20191004,20191231
105907,0,0,0,0,0,1,0,20191004,20191231
105908,0,0,0,0,0,0,1,20191004,20191231
105909,0,0,0,0,0,0,1,20191004,20191231
105910,0,0,1,1,1,1,0,20191004,20191231
105911,0,1,1,1,1,1,0,20191004,20191231
105912,0,1,1,1,1,1,0,20191004,20191231
105913,1,0,0,0,0,0,0,20191004,20191231
105914,1,0,0,0,0,0,0,20191004,20191231
105915,1,0,0,0,0,0,0,20191004,20191231
105916,0,1,0,0,0,0,0,20191004,20191231
105917,0,1,0,0,0,0,0,20191004,20191231
105918,1,0,1,1,1,0,0,20191004,20191231
105919,1,0,1,1,1,0,0,20191004,20191231
105920,0,0,1,0,0,0,0,20191004,20191231
105921,0,0,1,0,0,0,0,20191004,20191231
105922,1,1,0,1,1,0,0,20191004,20191231
105923,1,1,0,1,1,0,0,20191004,20191231
105924,0,0,0,1,0,0,0,20191004,20191231
105925,0,0,0,1,0,0,0,20191004,20191231
105926,1,1,1,0,1,0,0,20191004,20191231
105927,1,1,1,0,1,0,0,20191004,20191231
105928,0,1,1,0,0,0,0,20191004,20191231
105929,0,1,1,0,0,0,0,20191004,20191231
105930,1,0,0,1,1,0,0,20191004,20191231
105931,1,0,0,1,1,0,0,20191004,20191231
105932,1,1,0,0,1,0,0,20191004,20191231
105933,1,1,0,0,1,0,0,20191004,20191231
105934,1,1,1,1,1,0,1,20191004,20191231
105935,1,1,1,1,1,0,1,20191004,20191231
105936,1,1,1,1,1,1,0,20191004,20191231
105937,1,1,1,1,1,1,0,20191004,20191231
105938,1,1,1,1,1,1,0,20191004,20191231
105939,1,1,1,1,1,0,0,20191004,20191231
105940,1,1,1,1,0,0,1,20191004,20191231
105941,0,1,1,0,1,0,0,20191004,20191231
105942,0,1,1,0,1,0,0,20191004,20191231
205901,1,1,1,1,1,0,0,20191004,20191231
